/*
 *  MLToolKit
 *
 *  Created by Hong Lu on 07/07/2011.
 *
 */

const int DIM = 25;
const double cyclingMean[25] = {0.956346,0.311642,0.036249,0.022716,27.668037,27.254368,0.618977,0.711818,0.738629,0.599882,0.434415,0.311221,5.318602,5.050874,2.776343,2.671323,15.227029,11.389981,21.881054,21.476746,17.391647,10.804641,41.049651,35.812287,0.430817};
const double cyclingDetLog = -36.009194;
const double cyclingInv[25*25] = {6230.174298,1115.495938,-454.654317,9689.816926,-1.962177,-3.769945,-110.557064,58.860219,-96.264216,-10.459466,-72.975033,-67.626375,-0.968916,1.178156,-99.825389,121.513951,10.297068,-8.479327,-0.258356,-7.460131,1.042603,-3.351618,-0.594968,-5.100057,48.554424,1115.495938,1005.779207,342.260675,4360.514507,0.349726,-1.211461,-15.131659,-13.114331,-33.358340,-8.803644,19.633282,-53.190650,0.487387,-0.209500,-18.281837,75.412584,0.980872,-1.855823,-0.757138,-5.843656,-1.057976,-1.210176,-0.687706,-3.578119,-4.544679,-454.654317,342.260675,42750.094042,-25364.369225,-5.807140,3.448484,818.822784,-321.220038,-221.838005,-233.991960,386.401279,-330.678983,-3.299357,-3.843686,667.427353,-139.625437,-27.417420,33.698614,-58.306923,17.098778,-31.037851,17.005263,-10.320874,-1.147366,-10.681106,9689.816926,4360.514507,-25364.369225,174242.843944,0.030381,-11.031072,-1000.780834,-920.408604,773.462376,-171.862312,-1375.131842,1280.548693,-4.419595,-10.548700,-331.958849,1349.330741,-1.313398,-102.714000,56.222601,-93.987684,51.731227,-138.342978,-25.058348,-69.805386,89.819105,-1.962177,0.349726,-5.807140,0.030381,0.044647,-0.005534,0.391875,0.004936,-0.048238,0.073903,0.108907,-0.016615,-0.004079,-0.002676,-0.465923,0.016423,0.008015,-0.005725,0.003779,0.008502,0.010011,0.001857,0.002535,-0.000771,0.116450,-3.769945,-1.211461,3.448484,-11.031072,-0.005534,0.042123,-0.036543,0.120300,0.032529,0.294214,0.261322,0.034858,0.001067,-0.014393,0.157262,-0.429152,0.002297,0.008697,-0.005032,0.033106,-0.011550,0.017936,-0.005319,0.002988,-0.111628,-110.557064,-15.131659,818.822784,-1000.780834,0.391875,-0.036543,184.640081,-63.595322,14.820177,9.648452,-11.909298,-76.969285,-0.005737,0.201894,25.243828,-6.100242,-3.294749,0.663561,-2.337992,1.677447,1.044995,1.849726,0.671397,-0.836140,2.285865,58.860219,-13.114331,-321.220038,-920.408604,0.004936,0.120300,-63.595322,128.868965,-8.416314,-12.467101,16.369418,-105.896835,-0.065598,0.135245,-9.754960,-3.725768,1.717927,-0.660818,0.787531,-2.517228,-0.686517,4.242452,-0.022529,1.288893,-5.028892,-96.264216,-33.358340,-221.838005,773.462376,-0.048238,0.032529,14.820177,-8.416314,85.995569,-6.369906,9.036737,15.870913,0.446147,0.182617,8.605170,9.658281,-3.068427,-0.525133,2.208029,-0.370757,0.024485,-0.440738,0.040421,-0.350764,-8.628281,-10.459466,-8.803644,-233.991960,-171.862312,0.073903,0.294214,9.648452,-12.467101,-6.369906,54.317811,-12.082120,15.915292,0.036948,0.012360,-9.279550,1.009668,0.247350,-2.111763,-0.191139,2.578253,0.537906,-0.757699,0.146105,-0.003124,1.010937,-72.975033,19.633282,386.401279,-1375.131842,0.108907,0.261322,-11.909298,16.369418,9.036737,-12.082120,395.058546,-133.891109,0.175777,-0.021480,4.233696,-6.797610,-0.488488,0.847338,0.002060,-0.095185,-9.220044,4.291455,3.217933,-0.288279,6.266103,-67.626375,-53.190650,-330.678983,1280.548693,-0.016615,0.034858,-76.969285,-105.896835,15.870913,15.915292,-133.891109,1172.940000,-0.241440,0.271337,-7.885056,9.436621,0.650298,0.734987,1.156935,2.036738,2.682974,-29.714944,-1.543198,6.727094,3.966758,-0.968916,0.487387,-3.299357,-4.419595,-0.004079,0.001067,-0.005737,-0.065598,0.446147,0.036948,0.175777,-0.241440,0.055920,-0.000648,0.033710,-0.077449,-0.001971,-0.008122,0.009113,0.010956,-0.004695,0.005491,0.001344,0.000559,0.370116,1.178156,-0.209500,-3.843686,-10.548700,-0.002676,-0.014393,0.201894,0.135245,0.182617,0.012360,-0.021480,0.271337,-0.000648,0.097903,0.049908,-0.028838,-0.011020,0.016268,0.005381,-0.007118,0.007954,-0.003308,0.004896,0.011668,0.094401,-99.825389,-18.281837,667.427353,-331.958849,-0.465923,0.157262,25.243828,-9.754960,8.605170,-9.279550,4.233696,-7.885056,0.033710,0.049908,28.872035,-6.481920,-0.760055,0.467480,-0.783863,0.092783,-0.438328,0.485977,-0.215909,-0.028567,-3.901882,121.513951,75.412584,-139.625437,1349.330741,0.016423,-0.429152,-6.100242,-3.725768,9.658281,1.009668,-6.797610,9.436621,-0.077449,-0.028838,-6.481920,25.496493,-0.319983,-0.808500,0.411991,-0.825490,0.203285,-1.270171,-0.191193,-0.658302,0.849978,10.297068,0.980872,-27.417420,-1.313398,0.008015,0.002297,-3.294749,1.717927,-3.068427,0.247350,-0.488488,0.650298,-0.001971,-0.011020,-0.760055,-0.319983,0.258807,-0.025220,-0.043867,-0.018479,0.004011,-0.007918,-0.008047,0.031961,0.063271,-8.479327,-1.855823,33.698614,-102.714000,-0.005725,0.008697,0.663561,-0.660818,-0.525133,-2.111763,0.847338,0.734987,-0.008122,0.016268,0.467480,-0.808500,-0.025220,0.258195,-0.045176,-0.008490,-0.045885,0.047677,-0.000232,0.023226,-0.390615,-0.258356,-0.757138,-58.306923,56.222601,0.003779,-0.005032,-2.337992,0.787531,2.208029,-0.191139,0.002060,1.156935,0.009113,0.005381,-0.783863,0.411991,-0.043867,-0.045176,0.169956,-0.062119,0.012119,-0.039571,0.006318,-0.002882,-0.309313,-7.460131,-5.843656,17.098778,-93.987684,0.008502,0.033106,1.677447,-2.517228,-0.370757,2.578253,-0.095185,2.036738,0.010956,-0.007118,0.092783,-0.825490,-0.018479,-0.008490,-0.062119,0.293584,0.008284,-0.053854,0.005979,0.015968,0.320760,1.042603,-1.057976,-31.037851,51.731227,0.010011,-0.011550,1.044995,-0.686517,0.024485,0.537906,-9.220044,2.682974,-0.004695,0.007954,-0.438328,0.203285,0.004011,-0.045885,0.012119,0.008284,0.278961,-0.120753,-0.068638,-0.001302,0.077120,-3.351618,-1.210176,17.005263,-138.342978,0.001857,0.017936,1.849726,4.242452,-0.440738,-0.757699,4.291455,-29.714944,0.005491,-0.003308,0.485977,-1.270171,-0.007918,0.047677,-0.039571,-0.053854,-0.120753,0.998397,0.041432,-0.129250,-0.549560,-0.594968,-0.687706,-10.320874,-25.058348,0.002535,-0.005319,0.671397,-0.022529,0.040421,0.146105,3.217933,-1.543198,0.001344,0.004896,-0.215909,-0.191193,-0.008047,-0.000232,0.006318,0.005979,-0.068638,0.041432,0.065586,-0.014372,0.141659,-5.100057,-3.578119,-1.147366,-69.805386,-0.000771,0.002988,-0.836140,1.288893,-0.350764,-0.003124,-0.288279,6.727094,0.000559,0.011668,-0.028567,-0.658302,0.031961,0.023226,-0.002882,0.015968,-0.001302,-0.129250,-0.014372,0.127169,0.054944,48.554424,-4.544679,-10.681106,89.819105,0.116450,-0.111628,2.285865,-5.028892,-8.628281,1.010937,6.266103,3.966758,0.370116,0.094401,-3.901882,0.849978,0.063271,-0.390615,-0.309313,0.320760,0.077120,-0.549560,0.141659,0.054944,38.803009};
const double cyclingOthersMean[25] = {0.991833,0.157800,0.018607,0.009370,38.342754,41.251497,0.393157,0.466000,0.280328,0.713268,0.548386,0.274286,12.394012,4.730539,3.133707,3.351957,4.089772,7.400810,16.146082,10.573465,17.771319,7.853498,34.577760,28.641587,0.180861};
const double cyclingOthersDetLog = -44.327830;
const double cyclingOthersInv[25*25] = {4864.982449,1323.077336,-1147.789130,2502.916456,-1.843683,-0.329477,97.583634,-14.114526,43.084371,-3.750402,-192.066358,-17.759340,0.023765,-0.284333,12.884575,12.891997,-0.377468,-4.326986,-0.640992,1.387823,2.120820,-3.672612,-1.041126,-1.669892,-8.978457,1323.077336,1874.885746,273.349485,4294.822423,-2.208039,-1.011338,-12.396163,52.531080,-9.905885,-0.794191,-62.928966,9.375954,0.316024,-0.077879,-4.949051,70.100769,-6.167328,-4.643640,-1.219562,-4.583822,1.630732,-5.223203,0.412248,-4.752312,-51.269345,-1147.789130,273.349485,89221.528203,-49838.576239,-4.466147,0.644978,1011.170811,-563.965918,-1602.447801,195.145150,1236.432594,-1062.536405,-3.422881,-0.083932,689.087995,68.370520,75.953176,24.936224,-100.854766,40.170793,-83.956837,39.781942,-7.520152,-7.914564,-71.208670,2502.916456,4294.822423,-49838.576239,131725.633441,7.433492,-3.437658,-1571.875972,1293.378318,401.074680,-178.748645,-2082.107879,3820.768363,4.884199,-3.821029,-378.470724,502.256627,-1.805657,-79.655591,63.956639,-119.638984,92.729781,-168.225251,-22.243192,6.620540,89.432738,-1.843683,-2.208039,-4.466147,7.433492,0.047325,-0.004639,0.830149,0.394618,-0.411405,0.091307,-0.012487,0.267388,-0.005243,0.000835,-0.422059,0.142888,0.038525,-0.020656,-0.001575,0.003114,0.016984,-0.002965,-0.002648,0.002885,0.059307,-0.329477,-1.011338,0.644978,-3.437658,-0.004639,0.032277,0.301578,0.295949,0.071895,-0.041700,0.064338,0.569930,0.000170,-0.004639,0.144232,-0.438111,-0.012542,0.018938,-0.000613,0.012665,0.000425,-0.000883,-0.003836,0.003818,0.004683,97.583634,-12.396163,1011.170811,-1571.875972,0.830149,0.301578,413.738820,-108.347278,32.239946,16.775167,17.152726,-97.922753,0.320105,0.063710,24.954462,-0.808670,-6.661803,2.105595,-6.392780,3.567797,2.083211,1.873618,1.982410,-1.761611,-12.245427,-14.114526,52.531080,-563.965918,1293.378318,0.394618,0.295949,-108.347278,305.168482,-22.334593,-26.416482,-3.176778,-124.266274,-0.099554,-0.016319,-10.469921,34.157125,1.875418,-3.609996,2.102434,-8.006581,-0.229551,5.391428,-0.479371,1.474368,9.579182,43.084371,-9.905885,-1602.447801,401.074680,-0.411405,0.071895,32.239946,-22.334593,301.681591,-2.842915,16.393011,60.660565,0.002645,-0.015558,-6.638488,16.742026,-16.422639,0.230041,4.347366,0.060346,0.789516,-1.476108,1.194228,-0.158347,-21.731307,-3.750402,-0.794191,195.145150,-178.748645,0.091307,-0.041700,16.775167,-26.416482,-2.842915,69.793436,-9.520631,43.704847,0.041107,0.152902,-2.012218,16.321567,0.728348,-4.229038,-0.451000,4.811652,0.196257,-1.672325,-0.071918,-0.259265,3.928435,-192.066358,-62.928966,1236.432594,-2082.107879,-0.012487,0.064338,17.152726,-3.176778,16.393011,-9.520631,176.628761,-46.065422,-0.256260,0.008021,33.489285,-7.107299,-1.783438,1.570276,-0.347390,0.002661,-4.930897,1.702112,2.130649,-0.000958,4.912761,-17.759340,9.375954,-1062.536405,3820.768363,0.267388,0.569930,-97.922753,-124.266274,60.660565,43.704847,-46.065422,1165.460525,-0.146417,-0.068501,-20.111208,4.769279,-0.798894,-3.008437,2.537564,3.305642,1.197028,-34.358103,-0.732424,6.927973,-11.585029,0.023765,0.316024,-3.422881,4.884199,-0.005243,0.000170,0.320105,-0.099554,0.002645,0.041107,-0.256260,-0.146417,0.034416,-0.000200,0.008615,-0.035553,0.000998,-0.003814,0.003216,0.001144,0.009314,-0.009564,-0.000300,-0.003287,0.296091,-0.284333,-0.077879,-0.083932,-3.821029,0.000835,-0.004639,0.063710,-0.016319,-0.015558,0.152902,0.008021,-0.068501,-0.000200,0.023104,0.006818,0.065434,0.001913,0.002221,-0.000025,0.008814,0.000074,0.002318,0.000684,-0.001917,-0.038807,12.884575,-4.949051,689.087995,-378.470724,-0.422059,0.144232,24.954462,-10.469921,-6.638488,-2.012218,33.489285,-20.111208,0.008615,0.006818,39.381068,-2.172152,-0.699052,0.451468,-0.616922,-0.042971,-0.625060,0.548829,0.001388,-0.120698,3.448191,12.891997,70.100769,68.370520,502.256627,0.142888,-0.438111,-0.808670,34.157125,16.742026,16.321567,-7.107299,4.769279,-0.035553,0.065434,-2.172152,41.143496,-0.593485,-0.480180,0.064969,-0.326936,0.200690,-0.654255,-0.081988,-0.368390,4.660164,-0.377468,-6.167328,75.953176,-1.805657,0.038525,-0.012542,-6.661803,1.875418,-16.422639,0.728348,-1.783438,-0.798894,0.000998,0.001913,-0.699052,-0.593485,1.368399,-0.068285,-0.199140,0.020009,-0.048610,0.058022,-0.119705,0.042146,0.419237,-4.326986,-4.643640,24.936224,-79.655591,-0.020656,0.018938,2.105595,-3.609996,0.230041,-4.229038,1.570276,-3.008437,-0.003814,0.002221,0.451468,-0.480180,-0.068285,0.701502,-0.063923,-0.198638,-0.052439,0.074487,0.026351,-0.055127,0.481597,-0.640992,-1.219562,-100.854766,63.956639,-0.001575,-0.000613,-6.392780,2.102434,4.347366,-0.451000,-0.347390,2.537564,0.003216,-0.000025,-0.616922,0.064969,-0.199140,-0.063923,0.274849,-0.092791,0.016555,-0.066144,-0.003805,0.027174,0.129976,1.387823,-4.583822,40.170793,-119.638984,0.003114,0.012665,3.567797,-8.006581,0.060346,4.811652,0.002661,3.305642,0.001144,0.008814,-0.042971,-0.326936,0.020009,-0.198638,-0.092791,0.719785,-0.011517,-0.174505,-0.016925,-0.045827,-0.548599,2.120820,1.630732,-83.956837,92.729781,0.016984,0.000425,2.083211,-0.229551,0.789516,0.196257,-4.930897,1.197028,0.009314,0.000074,-0.625060,0.200690,-0.048610,-0.052439,0.016555,-0.011517,0.243046,-0.070243,-0.038382,-0.024982,-0.002139,-3.672612,-5.223203,39.781942,-168.225251,-0.002965,-0.000883,1.873618,5.391428,-1.476108,-1.672325,1.702112,-34.358103,-0.009564,0.002318,0.548829,-0.654255,0.058022,0.074487,-0.066144,-0.174505,-0.070243,1.350944,-0.009775,-0.178056,-0.317122,-1.041126,0.412248,-7.520152,-22.243192,-0.002648,-0.003836,1.982410,-0.479371,1.194228,-0.071918,2.130649,-0.732424,-0.000300,0.000684,0.001388,-0.081988,-0.119705,0.026351,-0.003805,-0.016925,-0.038382,-0.009775,0.095226,-0.043991,0.215930,-1.669892,-4.752312,-7.914564,6.620540,0.002885,0.003818,-1.761611,1.474368,-0.158347,-0.259265,-0.000958,6.927973,-0.003287,-0.001917,-0.120698,-0.368390,0.042146,-0.055127,0.027174,-0.045827,-0.024982,-0.178056,-0.043991,0.155316,-0.015480,-8.978457,-51.269345,-71.208670,89.432738,0.059307,0.004683,-12.245427,9.579182,-21.731307,3.928435,4.912761,-11.585029,0.296091,-0.038807,3.448191,4.660164,0.419237,0.481597,0.129976,-0.548599,-0.002139,-0.317122,0.215930,-0.015480,41.931690};
const double drivingMean[25] = {0.993597,0.059008,0.002892,0.002088,39.820604,30.698046,0.517499,0.739133,0.511547,1.213921,0.361098,0.336163,11.365897,3.984606,3.151701,2.713387,2.246999,3.315258,4.303641,2.823443,3.215596,1.934573,8.966529,5.438267,0.347536};

const double drivingDetLog = -34.733838;
const double drivingInv[25*25] = {862.200621,426.556974,-174.729303,1371.086418,0.091636,-0.297033,-16.152077,6.167493,-0.037436,9.288141,-27.735044,-11.201541,-0.197879,-0.122264,-4.106045,7.611865,6.179933,-7.000573,-0.716768,4.468111,1.687002,-4.960879,0.226464,-2.731278,-28.431380,426.556974,750.982233,1397.005785,2590.178531,0.156935,-0.649542,14.524006,-1.739715,11.292611,7.514230,13.251009,-29.624281,-0.100871,-0.121236,1.096219,22.166682,-6.867143,-4.100946,0.153157,-1.067691,-2.063786,-3.648250,2.088241,-5.667858,-20.765807,-174.729303,1397.005785,32148.789019,-5127.022657,-0.655878,-2.080277,396.740093,-152.637275,284.950369,-15.818069,452.198918,-351.767772,0.339560,-0.306266,39.857664,74.875088,-145.993839,46.872862,-4.822164,-6.535453,-45.528568,33.188175,25.823796,-33.338971,27.511214,1371.086418,2590.178531,-5127.022657,156014.806370,2.290105,-7.408365,356.304096,656.357753,288.203008,130.408107,888.175750,45.658812,-0.764201,-0.006397,146.781813,176.539235,-66.314787,-259.944948,4.372582,-46.951005,-77.647938,46.366926,45.545823,-3.385348,-222.572754,0.091636,0.156935,-0.655878,2.290105,0.030467,-0.002450,0.554899,0.064406,0.010108,-0.026856,0.531153,-0.041826,-0.006605,-0.000429,-0.240888,0.032576,0.000649,-0.002214,-0.011826,-0.007920,0.000501,0.011841,0.009357,-0.000076,0.043902,-0.297033,-0.649542,-2.080277,-7.408365,-0.002450,0.023639,-0.074945,0.071209,-0.068429,-0.040711,0.126457,0.351793,0.001658,-0.006079,0.058690,-0.410499,0.010718,0.005337,0.001159,0.009158,-0.005592,-0.003860,-0.001205,0.016919,0.128770,-16.152077,14.524006,396.740093,356.304096,0.554899,-0.074945,81.386318,-1.089037,8.326352,0.942062,23.283709,16.462127,0.258552,-0.001770,17.372117,1.687774,-2.097062,-0.427438,-2.964786,0.025115,1.104865,-0.982056,1.514456,0.216447,-8.488358,6.167493,-1.739715,-152.637275,656.357753,0.064406,0.071209,-1.089037,27.433347,2.869330,1.125982,0.499755,-12.119450,-0.005208,-0.013644,-0.070981,6.644544,0.356953,-1.911059,0.221396,-1.979335,0.046979,2.808247,-0.001673,0.575697,-2.387750,-0.037436,11.292611,284.950369,288.203008,0.010108,-0.068429,8.326352,2.869330,36.597214,-3.421925,22.570852,-2.298326,0.111111,-0.059801,7.133362,1.146240,-2.571041,-0.204632,1.480068,-0.754792,-1.381543,1.340454,0.476785,-0.572700,-17.692290,9.288141,7.514230,-15.818069,130.408107,-0.026856,-0.040711,0.942062,1.125982,-3.421925,12.164407,-0.308800,11.382696,-0.002703,0.073659,-0.937573,8.700968,0.242922,-0.943699,-0.241252,1.625271,-0.008730,-1.428834,0.117067,-0.054025,0.677135,-27.735044,13.251009,452.198918,888.175750,0.531153,0.126457,23.283709,0.499755,22.570852,-0.308800,145.921516,-52.877456,0.001148,-0.041963,10.204759,-3.065528,-3.327170,-1.110296,1.087706,0.032640,-7.515095,2.888831,2.589781,-0.888552,2.226913,-11.201541,-29.624281,-351.767772,45.658812,-0.041826,0.351793,16.462127,-12.119450,-2.298326,11.382696,-52.877456,176.715189,-0.006279,0.009055,3.231354,0.152230,2.159254,-1.152448,-0.889052,3.500228,2.269132,-17.747501,-0.484215,5.132411,-11.839441,-0.197879,-0.100871,0.339560,-0.764201,-0.006605,0.001658,0.258552,-0.005208,0.111111,-0.002703,0.001148,-0.006279,0.018978,-0.000177,0.166272,-0.034079,-0.006909,0.003464,0.006571,-0.001892,-0.002889,0.001436,-0.001269,-0.001220,0.101077,-0.122264,-0.121236,-0.306266,-0.006397,-0.000429,-0.006079,-0.001770,-0.013644,-0.059801,0.073659,-0.041963,0.009055,-0.000177,0.015849,-0.035898,0.077986,0.002405,-0.005919,-0.003879,0.007143,0.003080,-0.008984,0.002304,0.000986,0.048419,-4.106045,1.096219,39.857664,146.781813,-0.240888,0.058690,17.372117,-0.070981,7.133362,-0.937573,10.204759,3.231354,0.166272,-0.035898,23.549629,-1.480514,-0.165166,-0.170971,-0.067055,-0.331258,-0.035429,-0.380606,0.147233,0.106279,0.127526,7.611865,22.166682,74.875088,176.539235,0.032576,-0.410499,1.687774,6.644544,1.146240,8.700968,-3.065528,0.152230,-0.034079,0.077986,-1.480514,18.747690,-0.395194,-0.169733,0.008524,0.037276,0.098125,-0.288454,0.040703,-0.367986,-2.982016,6.179933,-6.867143,-145.993839,-66.314787,0.000649,0.010718,-2.097062,0.356953,-2.571041,0.242922,-3.327170,2.159254,-0.006909,0.002405,-0.165166,-0.395194,0.931459,-0.198976,-0.112230,0.215598,0.330234,-0.362740,-0.164860,0.181682,0.072381,-7.000573,-4.100946,46.872862,-259.944948,-0.002214,0.005337,-0.427438,-1.911059,-0.204632,-0.943699,-1.110296,-1.152448,0.003464,-0.005919,-0.170971,-0.169733,-0.198976,0.914151,0.079729,-0.333913,0.057626,0.115267,-0.070358,-0.080960,0.761965,-0.716768,0.153157,-4.822164,4.372582,-0.011826,0.001159,-2.964786,0.221396,1.480068,-0.241252,1.087706,-0.889052,0.006571,-0.003879,-0.067055,0.008524,-0.112230,0.079729,0.421047,-0.184506,-0.282866,0.179203,-0.064716,-0.029773,-0.228329,4.468111,-1.067691,-6.535453,-46.951005,-0.007920,0.009158,0.025115,-1.979335,-0.754792,1.625271,0.032640,3.500228,-0.001892,0.007143,-0.331258,0.037276,0.215598,-0.333913,-0.184506,1.292936,0.007465,-1.061256,0.049713,-0.114046,-0.425558,1.687002,-2.063786,-45.528568,-77.647938,0.000501,-0.005592,1.104865,0.046979,-1.381543,-0.008730,-7.515095,2.269132,-0.002889,0.003080,-0.035429,0.098125,0.330234,0.057626,-0.282866,0.007465,0.844015,-0.217363,-0.151073,0.032329,0.108791,-4.960879,-3.648250,33.188175,46.366926,0.011841,-0.003860,-0.982056,2.808247,1.340454,-1.428834,2.888831,-17.747501,0.001436,-0.008984,-0.380606,-0.288454,-0.362740,0.115267,0.179203,-1.061256,-0.217363,3.665016,0.028655,-0.752208,0.412918,0.226464,2.088241,25.823796,45.545823,0.009357,-0.001205,1.514456,-0.001673,0.476785,0.117067,2.589781,-0.484215,-0.001269,0.002304,0.147233,0.040703,-0.164860,-0.070358,-0.064716,0.049713,-0.151073,0.028655,0.174998,-0.111778,0.086159,-2.731278,-5.667858,-33.338971,-3.385348,-0.000076,0.016919,0.216447,0.575697,-0.572700,-0.054025,-0.888552,5.132411,-0.001220,0.000986,0.106279,-0.367986,0.181682,-0.080960,-0.029773,-0.114046,0.032329,-0.752208,-0.111778,0.591788,-0.107312,-28.431380,-20.765807,27.511214,-222.572754,0.043902,0.128770,-8.488358,-2.387750,-17.692290,0.677135,2.226913,-11.839441,0.101077,0.048419,0.127526,-2.982016,0.072381,0.761965,-0.228329,-0.425558,0.108791,0.412918,0.086159,-0.107312,45.410866};

const double runningMean[25] = {0.874864,0.608117,0.654893,0.123875,29.438095,53.206122,0.450275,0.298415,0.157459,0.284585,0.690527,0.237408,11.964626,14.742857,2.288626,3.279893,10.152243,8.304648,99.223939,36.264869,104.399443,28.979426,145.605495,125.410312,0.476080};
	
const double runningDetLog = -8.809778;
const double runningInv[25*25] = {173.559315,-93.622325,94.540411,-119.145635,-0.818111,-0.094622,5.892828,-4.716626,9.054192,-19.207435,14.849979,-36.761566,0.162091,0.180811,8.566608,-18.502358,0.455862,0.464120,-0.299589,0.328233,-0.239957,0.861521,-0.012234,0.142902,11.805673,-93.622325,296.506887,-131.643476,-256.975532,0.961142,-0.427967,-21.724321,-32.862474,-15.086102,25.442273,-73.424172,53.217685,-0.176831,0.058075,-8.225587,12.703709,-0.183736,-1.685957,0.316130,0.659149,0.483426,-0.793287,-0.250662,-0.418270,4.581220,94.540411,-131.643476,485.637219,-700.600100,-0.640646,0.441369,41.675380,-11.133171,-0.415084,-46.066425,38.262187,-100.504264,0.013507,-0.162905,76.528071,-70.982960,-0.254694,2.009281,-1.307247,1.426695,-1.259481,2.890826,-0.537282,0.569898,12.214530,-119.145635,-256.975532,-700.600100,8841.472335,-4.417909,-1.978265,-67.502761,371.047946,-93.690863,145.372636,370.365348,428.992864,0.811391,0.456139,-164.194555,569.935846,1.284525,-12.404105,2.863417,-14.319866,0.630262,-15.899077,4.400787,-7.065564,332.256997,-0.818111,0.961142,-0.640646,-4.417909,0.060656,0.005065,0.758872,-0.189242,-0.054004,0.443531,0.045890,1.551968,-0.004747,-0.000182,-0.304727,-0.238054,-0.001904,-0.002061,0.000308,0.013029,0.002393,-0.010905,0.000884,0.004734,-0.088943,-0.094622,-0.427967,0.441369,-1.978265,0.005065,0.021037,0.030839,0.142986,-0.087397,0.047380,-0.410674,0.718165,0.000730,-0.002827,0.097768,-0.440852,0.000517,0.009616,0.000386,0.007703,0.002159,0.004164,-0.004203,0.002347,0.054434,5.892828,-21.724321,41.675380,-67.502761,0.758872,0.030839,244.900823,-147.716129,-10.540291,36.067147,2.210920,62.272158,0.594172,-0.080904,8.685424,-8.483056,-1.534133,-0.140742,-0.858249,1.195683,0.233019,-0.292926,0.334960,-0.059684,-17.231116,-4.716626,-32.862474,-11.133171,371.047946,-0.189242,0.142986,-147.716129,323.805554,9.879119,-71.921418,15.600040,-187.694457,-0.451857,0.184347,-16.770978,47.820920,0.654410,-0.969332,0.518053,-2.083231,-0.203196,1.548956,-0.077915,-0.129084,5.448695,9.054192,-15.086102,-0.415084,-93.690863,-0.054004,-0.087397,-10.540291,9.879119,167.462457,-50.188411,48.390577,-84.440193,0.679482,0.004585,-0.595839,-5.406989,-1.825371,1.024820,0.309059,-0.231467,-0.268973,0.643048,0.243307,0.093182,7.240451,-19.207435,25.442273,-46.066425,145.372636,0.443531,0.047380,36.067147,-71.921418,-50.188411,117.269719,9.456763,101.556298,-0.147756,0.011819,-13.943082,25.218212,0.558320,-2.687861,-0.072072,1.121322,0.091311,-1.048744,0.193110,-0.238588,-0.908810,14.849979,-73.424172,38.262187,370.365348,0.045890,-0.410674,2.210920,15.600040,48.390577,9.456763,382.421498,-96.355088,0.314651,-0.005039,9.309659,39.596835,-0.229361,-0.739286,-0.180437,-0.682656,-2.471848,0.348492,1.550264,-0.531596,-4.379731,-36.761566,53.217685,-100.504264,428.992864,1.551968,0.718165,62.272158,-187.694457,-84.440193,101.556298,-96.355088,1261.549053,0.288733,0.008522,-24.792563,36.392165,0.661767,-3.086914,0.067729,1.447143,0.949946,-10.090876,-0.174519,1.375963,2.501198,0.162091,-0.176831,0.013507,0.811391,-0.004747,0.000730,0.594172,-0.451857,0.679482,-0.147756,0.314651,0.288733,0.041944,0.000135,0.046825,0.023362,-0.009958,0.009305,0.000042,-0.001089,-0.000782,-0.005672,0.002324,-0.000328,0.311683,0.180811,0.058075,-0.162905,0.456139,-0.000182,-0.002827,-0.080904,0.184347,0.004585,0.011819,-0.005039,0.008522,0.000135,0.009282,-0.054258,0.074204,0.000426,-0.003123,0.000490,0.001025,0.000185,-0.000559,0.000652,-0.000834,0.060742,8.566608,-8.225587,76.528071,-164.194555,-0.304727,0.097768,8.685424,-16.770978,-0.595839,-13.943082,9.309659,-24.792563,0.046825,-0.054258,27.121623,-23.179747,-0.185316,0.595931,-0.181271,0.156191,-0.221404,0.498441,-0.117294,0.150203,10.187280,-18.502358,12.703709,-70.982960,569.935846,-0.238054,-0.440852,-8.483056,47.820920,-5.406989,25.218212,39.596835,36.392165,0.023362,0.074204,-23.179747,77.319386,0.222612,-1.680606,0.153217,-0.607604,-0.011373,-1.244887,0.362584,-0.513163,20.532400,0.455862,-0.183736,-0.254694,1.284525,-0.001904,0.000517,-1.534133,0.654410,-1.825371,0.558320,-0.229361,0.661767,-0.009958,0.000426,-0.185316,0.222612,0.079692,-0.041655,-0.000177,-0.000096,-0.000098,-0.007959,-0.003918,0.000443,0.027100,0.464120,-1.685957,2.009281,-12.404105,-0.002061,0.009616,-0.140742,-0.969332,1.024820,-2.687861,-0.739286,-3.086914,0.009305,-0.003123,0.595931,-1.680606,-0.041655,0.181875,-0.002079,-0.009236,0.001566,0.030685,-0.009756,0.012017,0.026718,-0.299589,0.316130,-1.307247,2.863417,0.000308,0.000386,-0.858249,0.518053,0.309059,-0.072072,-0.180437,0.067729,0.000042,0.000490,-0.181271,0.153217,-0.000177,-0.002079,0.009345,-0.013307,0.002584,-0.006081,-0.000101,-0.001565,0.203625,0.328233,0.659149,1.426695,-14.319866,0.013029,0.007703,1.195683,-2.083231,-0.231467,1.121322,-0.682656,1.447143,-0.001089,0.001025,0.156191,-0.607604,-0.000096,-0.009236,-0.013307,0.063859,0.004019,0.002232,-0.005713,0.007023,-0.646958,-0.239957,0.483426,-1.259481,0.630262,0.002393,0.002159,0.233019,-0.203196,-0.268973,0.091311,-2.471848,0.949946,-0.000782,0.000185,-0.221404,-0.011373,-0.000098,0.001566,0.002584,0.004019,0.021640,-0.018355,-0.007953,0.000646,0.167909,0.861521,-0.793287,2.890826,-15.899077,-0.010905,0.004164,-0.292926,1.548956,0.643048,-1.048744,0.348492,-10.090876,-0.005672,-0.000559,0.498441,-1.244887,-0.007959,0.030685,-0.006081,0.002232,-0.018355,0.139994,-0.005101,0.000908,-0.971015,-0.012234,-0.250662,-0.537282,4.400787,0.000884,-0.004203,0.334960,-0.077915,0.243307,0.193110,1.550264,-0.174519,0.002324,0.000652,-0.117294,0.362584,-0.003918,-0.009756,-0.000101,-0.005713,-0.007953,-0.005101,0.009591,-0.005363,-0.064352,0.142902,-0.418270,0.569898,-7.065564,0.004734,0.002347,-0.059684,-0.129084,0.093182,-0.238588,-0.531596,1.375963,-0.000328,-0.000834,0.150203,-0.513163,0.000443,0.012017,-0.001565,0.007023,0.000646,0.000908,-0.005363,0.014008,-0.314433,11.805673,4.581220,12.214530,332.256997,-0.088943,0.054434,-17.231116,5.448695,7.240451,-0.908810,-4.379731,2.501198,0.311683,0.060742,10.187280,20.532400,0.027100,0.026718,0.203625,-0.646958,0.167909,-0.971015,-0.064352,-0.314433,89.181593};

const double sittingMean[25] = {0.989659,0.025598,0.001409,0.001160,51.443012,41.448835,0.348656,0.535355,0.519553,0.840992,0.298675,0.315669,13.520799,8.209651,3.545517,3.223517,0.832616,1.564809,1.284575,1.483959,1.060539,1.036655,3.000684,2.859577,0.205170};

const double sittingDetLog = -48.034845;
const double sittingInv[25*25] = {1246.257825,651.619508,1110.269470,770.359931,0.017077,0.153474,57.470593,-7.760760,-22.940253,16.776231,29.668239,21.620305,-0.217905,0.138026,20.284676,3.114982,4.976233,-5.427927,-2.326795,1.857338,-5.365798,-6.442182,-1.511439,2.499272,-4.397606,651.619508,1776.446417,4073.577744,2755.152938,0.153537,-0.700324,41.321451,0.059370,-8.292049,4.994944,52.219599,-54.323404,-0.199402,0.019266,45.918968,28.865508,-24.632397,5.380626,8.789470,-17.730466,-7.910603,12.104526,0.184471,-10.849981,-7.045381,1110.269470,4073.577744,58594.131197,12808.330375,0.637341,-1.485163,224.802737,-81.077084,194.313118,20.168241,188.534182,-12.001926,0.744653,-0.559810,163.521706,151.904112,-325.945333,104.399952,116.471827,-29.586365,-78.425069,-20.703018,-18.494634,-14.424556,-0.621636,770.359931,2755.152938,12808.330375,238404.822936,-9.161171,-7.460029,462.720175,721.551538,147.067016,151.207182,494.998374,38.512897,2.283159,3.062743,371.680712,191.471497,-235.533995,-295.839022,92.126161,-118.321879,-10.409252,26.795390,-33.773946,60.391373,-213.992082,0.017077,0.153537,0.637341,-9.161171,0.027740,-0.000150,0.407357,-0.060013,0.095392,-0.041567,0.363124,0.036784,-0.002102,0.000042,-0.267600,-0.084503,-0.010563,0.023874,-0.002679,-0.012063,-0.019283,0.013628,0.015480,0.003256,0.150105,0.153474,-0.700324,-1.485163,-7.460029,-0.000150,0.024136,-0.111326,0.259429,-0.125301,0.006376,0.118409,0.585912,0.000514,-0.004043,-0.046435,-0.409357,0.019599,-0.008817,-0.016140,0.013625,-0.017120,-0.021908,0.003949,0.033688,0.093474,57.470593,41.321451,224.802737,462.720175,0.407357,-0.111326,191.832345,-12.118975,9.273212,6.594055,0.962336,-0.766907,0.331674,-0.046767,36.459905,0.340538,-0.094994,-3.256413,-7.368743,2.004895,3.857749,-0.922459,2.178616,-0.281225,-25.287115,-7.760760,0.059370,-81.077084,721.551538,-0.060013,0.259429,-12.118975,74.686384,0.304359,8.544891,1.104863,-10.933524,0.004288,0.064247,-1.415113,26.688419,-0.156404,-1.358658,1.135508,-5.426007,-0.832581,4.386443,-0.047484,1.580364,-5.834680,-22.940253,-8.292049,194.313118,147.067016,0.095392,-0.125301,9.273212,0.304359,33.923813,-1.056051,27.502449,7.123551,0.144230,-0.029353,7.178197,1.200689,-2.357992,-0.092325,2.194198,-0.321496,-1.356498,-0.563398,0.261836,0.082412,-13.975686,16.776231,4.994944,20.168241,151.207182,-0.041567,0.006376,6.594055,8.544891,-1.056051,23.997291,-2.736026,14.456479,0.014961,0.114906,1.826396,16.904677,0.235841,-1.323456,-0.550208,2.150612,0.407971,-1.150156,0.110839,-0.226599,-1.400762,29.668239,52.219599,188.534182,494.998374,0.363124,0.118409,0.962336,1.104863,27.502449,-2.736026,185.680529,-11.690331,0.061510,-0.032404,20.909953,-3.718556,-1.320823,-0.811266,3.044123,-1.260135,-13.399160,-0.335439,3.969157,0.078441,-8.181912,21.620305,-54.323404,-12.001926,38.512897,0.036784,0.585912,-0.766907,-10.933524,7.123551,14.456479,-11.690331,189.939731,0.021188,0.043033,2.258687,3.513697,-0.454256,0.823154,0.267181,2.784165,1.951831,-17.902584,-0.847127,5.584499,-14.310170,-0.217905,-0.199402,0.744653,2.283159,-0.002102,0.000514,0.331674,0.004288,0.144230,0.014961,0.061510,0.021188,0.009656,-0.000049,0.053629,0.004633,-0.011101,-0.008750,0.000645,0.001796,-0.000172,-0.006325,0.003875,0.000860,0.052255,0.138026,0.019266,-0.559810,3.062743,0.000042,-0.004043,-0.046767,0.064247,-0.029353,0.114906,-0.032404,0.043033,-0.000049,0.008002,-0.008446,0.119564,0.004459,-0.011062,-0.000544,0.002560,0.001340,-0.009177,-0.000143,0.002794,0.076511,20.284676,45.918968,163.521706,371.680712,-0.267600,-0.046435,36.459905,-1.415113,7.178197,1.826396,20.909953,2.258687,0.053629,-0.008446,49.239037,-0.140625,-0.347653,-0.342055,-0.544501,-0.146798,0.685032,-0.873817,0.015673,-0.100699,-1.956377,3.114982,28.865508,151.904112,191.471497,-0.084503,-0.409357,0.340538,26.688419,1.200689,16.904677,-3.718556,3.513697,0.004633,0.119564,-0.140625,36.261354,-1.214583,0.540750,0.708908,-1.238109,0.079969,0.352007,0.050238,-0.348705,-2.992579,4.976233,-24.632397,-325.945333,-235.533995,-0.010563,0.019599,-0.094994,-0.156404,-2.357992,0.235841,-1.320823,-0.454256,-0.011101,0.004459,-0.347653,-1.214583,2.485050,-0.708299,-1.356053,0.585702,0.641675,0.218328,0.134791,0.044230,0.265466,-5.427927,5.380626,104.399952,-295.839022,0.023874,-0.008817,-3.256413,-1.358658,-0.092325,-1.323456,-0.811266,0.823154,-0.008750,-0.011062,-0.342055,0.540750,-0.708299,1.376923,0.475673,-0.577553,-0.142668,-0.237799,-0.041653,-0.094334,0.971392,-2.326795,8.789470,116.471827,92.126161,-0.002679,-0.016140,-7.368743,1.135508,2.194198,-0.550208,3.044123,0.267181,0.000645,-0.000544,-0.544501,0.708908,-1.356053,0.475673,2.003548,-0.687710,-1.228730,0.032029,-0.138775,-0.053734,0.127757,1.857338,-17.730466,-29.586365,-118.321879,-0.012063,0.013625,2.004895,-5.426007,-0.321496,2.150612,-1.260135,2.784165,0.001796,0.002560,-0.146798,-1.238109,0.585702,-0.577553,-0.687710,2.631166,0.396186,-1.321311,-0.035719,-0.329204,-0.445275,-5.365798,-7.910603,-78.425069,-10.409252,-0.019283,-0.017120,3.857749,-0.832581,-1.356498,0.407971,-13.399160,1.951831,-0.000172,0.001340,0.685032,0.079969,0.641675,-0.142668,-1.228730,0.396186,3.380804,-0.615933,-0.686667,0.004427,-0.194775,-6.442182,12.104526,-20.703018,26.795390,0.013628,-0.021908,-0.922459,4.386443,-0.563398,-1.150156,-0.335439,-17.902584,-0.006325,-0.009177,-0.873817,0.352007,0.218328,-0.237799,0.032029,-1.321311,-0.615933,5.312574,0.206435,-1.253350,-0.044511,-1.511439,0.184471,-18.494634,-33.773946,0.015480,0.003949,2.178616,-0.047484,0.261836,0.110839,3.969157,-0.847127,0.003875,-0.000143,0.015673,0.050238,0.134791,-0.041653,-0.138775,-0.035719,-0.686667,0.206435,0.438800,-0.170249,0.129538,2.499272,-10.849981,-14.424556,60.391373,0.003256,0.033688,-0.281225,1.580364,0.082412,-0.226599,0.078441,5.584499,0.000860,0.002794,-0.100699,-0.348705,0.044230,-0.094334,-0.053734,-0.329204,0.004427,-1.253350,-0.170249,0.993907,-0.285678,-4.397606,-7.045381,-0.621636,-213.992082,0.150105,0.093474,-25.287115,-5.834680,-13.975686,-1.400762,-8.181912,-14.310170,0.052255,0.076511,-1.956377,-2.992579,0.265466,0.971392,0.127757,-0.445275,-0.194775,-0.044511,0.129538,-0.285678,52.984499};
const double standingMean[25] = {1.002282,0.032431,0.000137,0.000536,58.705167,46.720544,0.246153,0.468185,0.460516,0.851531,0.222311,0.255548,33.775791,17.688539,3.672786,3.244197,0.457591,1.706697,1.036585,1.606312,1.025451,1.202584,4.320722,4.288168,0.097463};
const double standingDetLog = -84.886567;
const double standingInv[25*25] = {1074.032387,146.187834,-27870.770802,837.248148,-0.135660,-0.855697,-73.827287,-30.576409,-0.393233,-3.415254,-29.750667,29.022490,0.212603,0.082176,-16.647641,3.187172,1.108032,0.747985,6.511086,0.658457,-0.210293,-7.786091,6.196588,-3.109762,35.577574,146.187834,11378.714101,420180.228843,-11599.805678,0.175804,-2.176162,577.625792,-144.058480,47.442008,6.722702,427.980693,46.408030,0.019845,0.206907,110.674682,144.314859,-168.129303,-8.777109,-82.283943,10.806776,-119.660666,-67.757900,21.860339,-28.143757,-74.340036,-27870.770802,420180.228843,598876961.471914,-11667951.368951,346.999519,-58.903238,214060.284330,-6957.305159,26492.888708,-13749.831831,423731.253667,57057.729343,-56.707621,-48.372642,99773.721591,2808.893940,-107470.796074,12132.534564,-47853.842510,-6441.197917,-94310.473460,-6921.117028,-5503.044583,2614.202461,22893.447304,837.248148,-11599.805678,-11667951.368951,10795150.588087,6.834485,-63.047974,3837.095670,21660.210068,1467.063245,2956.319729,-7466.094022,13569.225416,-5.302415,18.051403,1059.021118,1193.180030,-209.775429,-8849.060150,982.444875,-1197.998054,2653.364430,-1360.773948,279.678363,1668.944787,-1311.254659,-0.135660,0.175804,346.999519,6.834485,0.010828,-0.000406,0.717659,-0.081889,-0.025413,-0.019899,0.209847,-0.005756,-0.000977,0.000129,0.089926,0.002319,-0.052420,0.005083,-0.083274,-0.006632,0.023942,0.003510,-0.017813,0.003357,0.120941,-0.855697,-2.176162,-58.903238,-63.047974,-0.000406,0.021519,-0.171114,0.276677,-0.054148,-0.000757,-0.075167,1.038778,0.000727,-0.002749,-0.031318,-0.330680,0.049167,0.010420,0.008826,0.037085,0.010611,-0.089214,0.009254,0.052891,0.058501,-73.827287,577.625792,214060.284330,3837.095670,0.717659,-0.171114,1667.157292,-98.008454,17.015237,-6.032737,-374.598188,-60.088870,0.349697,-0.005985,146.285341,-2.253188,-206.272312,6.397545,-198.585453,1.964895,126.163263,5.072377,19.723673,-7.855936,-24.266760,-30.576409,-144.058480,-6957.305159,21660.210068,-0.081889,0.276677,-98.008454,329.141411,-2.580296,-14.638656,-67.033888,-168.789015,0.078461,0.161771,4.808365,35.306531,14.859203,-32.561472,13.499927,-39.345975,12.033936,47.910716,-6.030400,10.857644,2.073297,-0.393233,47.442008,26492.888708,1467.063245,-0.025413,-0.054148,17.015237,-2.580296,97.522695,-4.258996,65.267739,6.912303,0.004513,-0.016274,7.915927,1.153397,-48.086332,0.441879,17.846673,-2.527883,-11.977638,-0.202545,1.654028,0.467271,-11.029686,-3.415254,6.722702,-13749.831831,2956.319729,-0.019899,-0.000757,-6.032737,-14.638656,-4.258996,24.557108,-9.002754,38.560885,0.004193,0.067863,-1.465564,8.962183,5.308898,-5.050333,0.578299,9.337915,2.135162,-8.121879,0.055781,-0.466400,0.904002,-29.750667,427.980693,423731.253667,-7466.094022,0.209847,-0.075167,-374.598188,-67.033888,65.267739,-9.002754,2292.917408,-102.217916,0.273423,-0.041038,71.342740,3.984377,-35.272717,17.805704,33.983888,-0.739667,-403.110840,9.851912,65.569062,-13.253399,25.419177,29.022490,46.408030,57057.729343,13569.225416,-0.005756,1.038778,-60.088870,-168.789015,6.912303,38.560885,-102.217916,1347.220039,0.105015,0.271686,13.390757,-13.606964,-0.292810,-1.064320,5.852770,35.011642,5.493994,-223.085847,-6.808742,52.816268,16.377526,0.212603,0.019845,-56.707621,-5.302415,-0.000977,0.000727,0.349697,0.078461,0.004513,0.004193,0.273423,0.105015,0.004276,-0.000232,0.058526,-0.010784,-0.014323,-0.004937,-0.022101,-0.003952,-0.008731,-0.010271,0.017850,0.012558,0.039091,0.082176,0.206907,-48.372642,18.051403,0.000129,-0.002749,-0.005985,0.161771,-0.016274,0.067863,-0.041038,0.271686,-0.000232,0.004008,0.006822,0.073347,0.037823,-0.037226,-0.004979,0.004000,0.013074,-0.033386,-0.003636,0.020131,-0.061663,-16.647641,110.674682,99773.721591,1059.021118,0.089926,-0.031318,146.285341,4.808365,7.915927,-1.465564,71.342740,13.390757,0.058526,0.006822,103.054576,2.346443,-11.684613,-0.438056,-17.096399,-1.869396,-7.027501,-0.917799,-0.045599,-0.150563,6.085970,3.187172,144.314859,2808.893940,1193.180030,0.002319,-0.330680,-2.253188,35.306531,1.153397,8.962183,3.984377,-13.606964,-0.010784,0.073347,2.346443,28.910588,-0.630865,-0.739101,1.061827,-3.480769,-0.993238,2.019221,-0.437556,0.255016,-0.911844,1.108032,-168.129303,-107470.796074,-209.775429,-0.052420,0.049167,-206.272312,14.859203,-48.086332,5.308898,-35.272717,-0.292810,-0.014323,0.037823,-11.684613,-0.630865,79.360744,-3.575645,14.288427,2.481563,4.741423,0.233237,-2.906927,0.255752,-4.053338,0.747985,-8.777109,12132.534564,-8849.060150,0.005083,0.010420,6.397545,-32.561472,0.441879,-5.050333,17.805704,-1.064320,-0.004937,-0.037226,-0.438056,-0.739101,-3.575645,11.035270,-1.441682,0.460201,-4.340324,-1.383637,0.575029,-1.837889,-0.732055,6.511086,-82.283943,-47853.842510,982.444875,-0.083274,0.008826,-198.585453,13.499927,17.846673,0.578299,33.983888,5.852770,-0.022101,-0.004979,-17.096399,1.061827,14.288427,-1.441682,36.419149,-1.430489,-15.754698,-0.502298,-2.091591,1.208464,1.479879,0.658457,10.806776,-6441.197917,-1197.998054,-0.006632,0.037085,1.964895,-39.345975,-2.527883,9.337915,-0.739667,35.011642,-0.003952,0.004000,-1.869396,-3.480769,2.481563,0.460201,-1.430489,10.634372,0.320355,-10.151293,0.332729,-1.520053,0.324667,-0.210293,-119.660666,-94310.473460,2653.364430,0.023942,0.010611,126.163263,12.033936,-11.977638,2.135162,-403.110840,5.493994,-0.008731,0.013074,-7.027501,-0.993238,4.741423,-4.340324,-15.754698,0.320355,84.022620,-0.353379,-10.753581,1.805803,-4.761879,-7.786091,-67.757900,-6921.117028,-1360.773948,0.003510,-0.089214,5.072377,47.910716,-0.202545,-8.121879,9.851912,-223.085847,-0.010271,-0.033386,-0.917799,2.019221,0.233237,-1.383637,-0.502298,-10.151293,-0.353379,45.150801,0.576011,-8.764123,-2.047470,6.196588,21.860339,-5503.044583,279.678363,-0.017813,0.009254,19.723673,-6.030400,1.654028,0.055781,65.569062,-6.808742,0.017850,-0.003636,-0.045599,-0.437556,-2.906927,0.575029,-2.091591,0.332729,-10.753581,0.576011,5.720499,-1.561764,0.218602,-3.109762,-28.143757,2614.202461,1668.944787,0.003357,0.052891,-7.855936,10.857644,0.467271,-0.466400,-13.253399,52.816268,0.012558,0.020131,-0.150563,0.255016,0.255752,-1.837889,1.208464,-1.520053,1.805803,-8.764123,-1.561764,4.991265,1.307080,35.577574,-74.340036,22893.447304,-1311.254659,0.120941,0.058501,-24.266760,2.073297,-11.029686,0.904002,25.419177,16.377526,0.039091,-0.061663,6.085970,-0.911844,-4.053338,-0.732055,1.479879,0.324667,-4.761879,-2.047470,0.218602,1.307080,45.012726};
const double walkingMean[25] = {1.004480,0.372573,0.114277,0.062502,33.456364,40.926364,0.463329,0.413326,0.269039,0.468732,0.379186,0.289810,8.930000,10.113636,2.979590,3.300793,10.366548,12.972656,46.211724,28.973706,30.591330,21.941149,82.895369,76.593805,0.569398};
const double walkingDetLog = -22.903400;
